496
7
3717943
412
 0 1 1 39 76  5 (D 0,1,1) (S 15,7,10) (S 21,1,7) (S 22,1,8) (D 0,1,1)
 0 1 2 41 102  6 (D 0,1,1) (S 11,7,8) (S 16,3,1) (S 10,2,8) (S 8,6,9) (D 0,1,1)
 0 1 3 41 67  8 (D 0,1,1) (S 9,4,3) (S 5,6,6) (S 13,3,6) (S 2,3,3) (S 23,4,2) (S 20,5,7) (D 0,1,1)
 0 1 4 40 93  7 (D 0,1,1) (S 6,7,7) (S 17,1,5) (S 12,4,1) (S 14,9,10) (S 19,8,9) (D 0,1,1)
 0 1 5 37 71  5 (D 0,1,1) (S 4,5,5) (S 3,4,4) (S 18,8,10) (D 0,1,1)
 0 1 6 31 49  3 (D 0,1,1) (S 1,2,2) (D 0,1,1)
 0 1 7 16 38  3 (D 0,1,1) (S 7,9,9) (D 0,1,1)
