637
7
3728054
378
 0 1 1 35 115  7 (D 0,1,1) (S 16,4,10) (S 11,5,10) (S 15,2,8) (S 20,2,6) (S 21,1,5) (D 0,1,1)
 0 1 2 34 156  7 (D 0,1,1) (S 12,2,3) (S 18,6,12) (S 13,11,13) (S 9,11,11) (S 19,8,9) (D 0,1,1)
 0 1 3 34 161  7 (D 0,1,1) (S 10,12,12) (S 7,9,9) (S 6,8,8) (S 17,3,6) (S 5,7,7) (D 0,1,1)
 0 1 4 31 51  3 (D 0,1,1) (S 3,4,4) (D 0,1,1)
 0 1 5 26 57  4 (D 0,1,1) (S 2,3,3) (S 4,6,6) (D 0,1,1)
 0 1 6 23 33  3 (D 0,1,1) (S 1,2,2) (D 0,1,1)
 0 1 7 29 64  4 (D 0,1,1) (S 14,4,5) (S 8,10,10) (D 0,1,1)
