1072
9
3784155
2288
 0 1 1 65 123  12 (D 0,1,1) (S 76,2,3) (S 85,4,3) (S 45,1,40) (S 57,35,28) (S 63,27,28) (S 24,27,34) (S 43,33,26) (S 40,28,35) (S 61,1,8) (S 59,10,9) (D 0,1,1)
 0 1 2 65 114  15 (D 0,1,1) (S 67,11,1) (S 62,12,6) (S 52,1,2) (S 38,1,10) (S 70,9,10) (S 50,9,8) (S 49,40,1) (S 56,35,34) (S 34,26,27) (S 17,28,28) (S 46,34,35) (S 75,1,11) (S 83,2,1) (D 0,1,1)
 0 1 3 64 98  11 (D 0,1,1) (S 23,35,36) (S 73,37,30) (S 79,31,37) (S 55,38,39) (S 51,5,39) (S 42,5,4) (S 21,3,7) (S 37,1,35) (S 36,1,33) (D 0,1,1)
 0 1 4 64 114  14 (D 0,1,1) (S 19,2,36) (S 82,37,38) (S 72,37,36) (S 41,37,3) (S 3,4,4) (S 2,3,3) (S 29,1,6) (S 74,12,11) (S 71,16,15) (S 69,16,10) (S 1,2,2) (S 65,6,12) (D 0,1,1)
 0 1 5 65 141  9 (D 0,1,1) (S 31,11,16) (S 47,15,9) (S 84,8,40) (S 16,26,26) (S 33,32,39) (S 60,31,30) (S 54,38,37) (D 0,1,1)
 0 1 6 64 118  12 (D 0,1,1) (S 8,12,12) (S 58,17,13) (S 39,7,13) (S 26,18,19) (S 80,18,13) (S 11,18,18) (S 12,20,20) (S 25,24,25) (S 48,21,24) (S 68,22,21) (D 0,1,1)
 0 1 7 65 117  12 (D 0,1,1) (S 7,11,11) (S 20,18,22) (S 44,21,22) (S 13,21,21) (S 35,20,23) (S 15,24,24) (S 28,22,25) (S 14,23,23) (S 32,12,17) (S 9,13,13) (D 0,1,1)
 0 1 8 63 136  11 (D 0,1,1) (S 53,8,9) (S 6,8,8) (S 27,14,15) (S 81,36,37) (S 66,30,31) (S 77,39,5) (S 78,39,38) (S 22,31,38) (S 64,32,31) (D 0,1,1)
 0 1 9 44 111  7 (D 0,1,1) (S 4,6,6) (S 30,33,34) (S 18,29,29) (S 10,15,15) (S 5,7,7) (D 0,1,1)
