358
7
10277046
254
 0 1 1 31 49  5 (D 0,1,1) (S 15,7,10) (S 11,7,8) (S 18,8,10) (D 0,1,1)
 0 1 2 41 47  6 (D 0,1,1) (S 17,1,5) (S 12,4,1) (S 21,1,7) (S 6,7,7) (D 0,1,1)
 0 1 3 40 47  6 (D 0,1,1) (S 9,4,3) (S 13,3,6) (S 5,6,6) (S 16,3,1) (D 0,1,1)
 0 1 4 24 33  5 (D 0,1,1) (S 22,1,8) (S 19,8,9) (S 14,9,10) (D 0,1,1)
 0 1 5 36 72  6 (D 0,1,1) (S 23,4,2) (S 10,2,8) (S 8,6,9) (S 7,9,9) (D 0,1,1)
 0 1 6 34 49  5 (D 0,1,1) (S 4,5,5) (S 3,4,4) (S 20,5,7) (D 0,1,1)
 0 1 7 39 61  4 (D 0,1,1) (S 2,3,3) (S 1,2,2) (D 0,1,1)
