1349
9
9246927
5617
 0 1 1 74 132  15 (D 0,1,1) (S 73,1,6) (S 45,6,7) (S 75,7,6) (S 57,1,7) (S 37,12,13) (S 55,13,7) (S 17,20,20) (S 48,15,21) (S 52,21,15) (S 26,8,14) (S 58,16,15) (S 13,15,15) (S 47,14,20) (D 0,1,1)
 0 1 2 75 181  14 (D 0,1,1) (S 31,19,25) (S 54,25,29) (S 70,29,25) (S 22,27,27) (S 62,26,20) (S 61,9,15) (S 18,21,21) (S 28,21,27) (S 32,26,31) (S 68,30,25) (S 20,25,25) (S 50,22,28) (D 0,1,1)
 0 1 3 74 202  15 (D 0,1,1) (S 16,19,19) (S 66,12,18) (S 67,29,18) (S 24,29,29) (S 35,30,31) (S 76,32,31) (S 64,32,27) (S 21,26,26) (S 77,4,3) (S 41,10,16) (S 40,9,10) (S 33,23,24) (S 53,11,5) (D 0,1,1)
 0 1 4 75 171  11 (D 0,1,1) (S 10,12,12) (S 38,2,13) (S 59,19,18) (S 15,18,18) (S 12,14,14) (S 71,10,11) (S 4,5,5) (S 14,17,17) (S 72,20,26) (D 0,1,1)
 0 1 5 72 161  12 (D 0,1,1) (S 6,7,7) (S 29,15,22) (S 42,22,23) (S 60,17,24) (S 49,24,11) (S 74,5,4) (S 8,10,10) (S 30,23,28) (S 69,28,27) (S 51,31,32) (D 0,1,1)
 0 1 6 72 124  9 (D 0,1,1) (S 5,6,6) (S 65,6,18) (S 34,25,26) (S 63,27,28) (S 39,28,33) (S 44,33,32) (S 43,32,33) (D 0,1,1)
 0 1 7 73 159  10 (D 0,1,1) (S 11,13,13) (S 78,16,23) (S 79,34,24) (S 46,24,34) (S 27,33,34) (S 23,28,28) (S 25,34,34) (S 36,16,17) (D 0,1,1)
 0 1 8 73 115  7 (D 0,1,1) (S 56,2,8) (S 7,8,8) (S 3,4,4) (S 2,3,3) (S 1,2,2) (D 0,1,1)
 0 1 9 26 104  4 (D 0,1,1) (S 9,11,11) (S 19,24,24) (D 0,1,1)
