261
9
8478120
1486
 0 1 1 27 41  11 (D 0,1,1) (S 25,3,4) (S 28,1,7) (S 29,7,10) (S 22,1,8) (S 30,2,11) (S 19,3,7) (S 15,2,3) (S 26,1,11) (S 13,5,8) (D 0,1,1)
 0 1 2 27 31  7 (D 0,1,1) (S 18,1,3) (S 32,1,6) (S 11,6,8) (S 24,2,9) (S 10,4,7) (D 0,1,1)
 0 1 3 27 34  8 (D 0,1,1) (S 9,4,9) (S 20,9,10) (S 12,7,9) (S 21,4,5) (S 4,5,5) (S 7,8,8) (D 0,1,1)
 0 1 4 27 38  6 (D 0,1,1) (S 23,5,11) (S 17,3,10) (S 16,1,10) (S 8,9,9) (D 0,1,1)
 0 1 5 24 30  5 (D 0,1,1) (S 31,4,11) (S 27,2,5) (S 33,5,10) (D 0,1,1)
 0 1 6 18 22  5 (D 0,1,1) (S 14,5,7) (S 6,7,7) (S 5,6,6) (D 0,1,1)
 0 1 7 20 22  3 (D 0,1,1) (S 2,3,3) (D 0,1,1)
 0 1 8 20 24  3 (D 0,1,1) (S 3,4,4) (D 0,1,1)
 0 1 9 15 19  3 (D 0,1,1) (S 1,2,2) (D 0,1,1)
