367
7
10257659
211
 0 1 1 34 44  7 (D 0,1,1) (S 24,1,6) (S 25,3,6) (S 9,6,7) (S 16,7,10) (S 4,7,7) (D 0,1,1)
 0 1 2 30 32  5 (D 0,1,1) (S 21,1,5) (S 3,5,5) (S 10,4,1) (D 0,1,1)
 0 1 3 41 61  7 (D 0,1,1) (S 14,4,2) (S 1,2,2) (S 18,5,6) (S 22,6,9) (S 19,9,10) (D 0,1,1)
 0 1 4 38 55  6 (D 0,1,1) (S 11,1,7) (S 12,7,8) (S 20,2,3) (S 13,3,7) (D 0,1,1)
 0 1 5 38 64  5 (D 0,1,1) (S 8,3,8) (S 5,8,8) (S 15,3,1) (D 0,1,1)
 0 1 6 37 74  5 (D 0,1,1) (S 6,9,9) (S 17,2,8) (S 7,8,10) (D 0,1,1)
 0 1 7 27 37  5 (D 0,1,1) (S 2,4,4) (S 23,4,5) (S 26,5,7) (D 0,1,1)
