1455
9
9447790
5328
 0 1 1 75 169  15 (D 0,1,1) (S 60,7,1) (S 76,7,6) (S 51,21,15) (S 59,10,3) (S 44,10,11) (S 45,11,10) (S 35,14,15) (S 63,18,12) (S 29,13,14) (S 57,20,14) (S 39,13,19) (S 64,19,20) (S 58,20,26) (D 0,1,1)
 0 1 2 75 176  13 (D 0,1,1) (S 32,6,12) (S 12,14,14) (S 16,20,20) (S 47,19,18) (S 15,18,18) (S 66,30,25) (S 56,29,25) (S 55,29,18) (S 37,33,34) (S 65,33,32) (S 69,32,31) (D 0,1,1)
 0 1 3 74 140  13 (D 0,1,1) (S 11,13,13) (S 28,12,19) (S 41,19,25) (S 34,25,26) (S 52,26,20) (S 43,11,5) (S 71,5,4) (S 67,3,4) (S 33,9,10) (S 8,10,10) (S 7,9,9) (D 0,1,1)
 0 1 4 74 234  16 (D 0,1,1) (S 5,7,7) (S 31,23,28) (S 49,28,34) (S 62,17,11) (S 40,22,23) (S 72,22,28) (S 38,28,33) (S 61,15,9) (S 50,32,33) (S 48,31,32) (S 26,32,32) (S 46,34,28) (S 23,28,28) (S 53,24,34) (D 0,1,1)
 0 1 5 75 190  8 (D 0,1,1) (S 14,16,16) (S 13,15,15) (S 22,27,27) (S 21,26,26) (S 27,34,34) (S 70,5,11) (D 0,1,1)
 0 1 6 75 209  11 (D 0,1,1) (S 24,29,29) (S 25,30,30) (S 68,25,30) (S 20,25,25) (S 19,24,24) (S 18,23,23) (S 9,11,11) (S 54,17,24) (S 75,8,9) (D 0,1,1)
 0 1 7 71 151  8 (D 0,1,1) (S 10,12,12) (S 42,2,13) (S 36,21,27) (S 74,16,23) (S 17,21,21) (S 6,8,8) (D 0,1,1)
 0 1 8 71 127  6 (D 0,1,1) (S 4,6,6) (S 30,4,11) (S 3,4,4) (S 2,3,3) (D 0,1,1)
 0 1 9 24 59  4 (D 0,1,1) (S 73,2,8) (S 1,2,2) (D 0,1,1)
