352
6
3690683
494
 0 1 1 5 77  7 (D 0,1,1) (S 25,12,13) (S 17,4,13) (S 19,9,10) (S 10,8,11) (S 15,3,4) (D 0,1,1)
 0 1 2 5 52  7 (D 0,1,1) (S 12,5,6) (S 20,7,8) (S 7,10,10) (S 5,8,8) (S 21,1,12) (D 0,1,1)
 0 1 3 5 56  7 (D 0,1,1) (S 11,6,12) (S 24,1,2) (S 6,9,9) (S 13,2,4) (S 22,1,10) (D 0,1,1)
 0 1 4 5 73  7 (D 0,1,1) (S 16,5,13) (S 18,3,5) (S 3,6,6) (S 9,7,12) (S 14,1,4) (D 0,1,1)
 0 1 5 4 66  6 (D 0,1,1) (S 23,5,11) (S 2,3,3) (S 8,5,12) (S 4,7,7) (D 0,1,1)
 0 1 6 2 28  3 (D 0,1,1) (S 1,2,2) (D 0,1,1)
