513
7
10265046
164
 0 1 1 23 30  5 (D 0,1,1) (S 12,1,2) (S 11,2,3) (S 2,3,3) (D 0,1,1)
 0 1 2 31 68  4 (D 0,1,1) (S 19,1,4) (S 8,4,11) (D 0,1,1)
 0 1 3 35 87  5 (D 0,1,1) (S 4,5,5) (S 3,4,4) (S 17,4,10) (D 0,1,1)
 0 1 4 24 34  3 (D 0,1,1) (S 1,2,2) (D 0,1,1)
 0 1 5 30 71  5 (D 0,1,1) (S 7,1,3) (S 16,6,12) (S 6,12,12) (D 0,1,1)
 0 1 6 34 103  6 (D 0,1,1) (S 18,6,10) (S 14,10,11) (S 21,11,13) (S 9,8,12) (D 0,1,1)
 0 1 7 35 120  7 (D 0,1,1) (S 20,2,8) (S 13,8,9) (S 15,7,9) (S 5,9,9) (S 10,11,12) (D 0,1,1)
